128 3 0.000002 4.000000
128 8 0.000005 4.000000
128 2 0.000004 4.000000
128 4 0.000002 4.000000
128 8 0.000006 4.000000
128 2 0.000002 4.000000
128 2 0.000005 4.000000
128 4 0.000002 4.000000
128 2 0.000005 4.000000
128 9 0.000003 4.000000
128 913 0.000004 4.000000
128 958 0.000002 4.000000
128 993 0.000002 4.000000
128 784 0.000126 4.000000
128 926 0.000003 4.000000
128 129 0.000006 4.000000
128 266 0.000003 4.000000
128 361 0.000002 4.000000
128 267 0.000002 4.000000
128 564 0.000004 4.000000
128 7805 0.000002 4.000000
128 5231 0.000003 4.000000
128 7808 0.000003 4.000000
128 4711 0.000003 4.000000
128 9568 0.000003 4.000000
128 9347 0.000003 4.000000
128 5663 0.000002 4.000000
128 2448 0.000002 4.000000
128 5650 0.000002 4.000000
128 4893 0.000003 4.000000
128 16816 0.000004 4.000000
128 23387 0.000002 4.000000
128 12069 0.000009 4.000000
128 41070 0.000002 4.000000
128 46128 0.000002 4.000000
128 44208 0.000002 4.000000
128 99068 0.000002 4.000000
128 24496 0.000005 4.000000
128 70277 0.000037 4.000000
128 600430 0.000004 4.000000
128 190614 0.000005 4.000000
128 436146 0.000003 4.000000
128 712685 0.000002 4.000000
128 991283 0.000003 4.000000
128 957011 0.000002 4.000000
128 406024 0.000002 4.000000
128 569527 0.000004 4.000000
128 414631 0.000003 4.000000
128 414457 0.000002 4.000000
128 4386234 0.000003 4.000000
128 3968126 0.000004 4.000000
128 4127096 0.000002 4.000000
128 1614265 0.000004 4.000000
128 4417937 0.000002 4.000000
128 9448917 0.000008 4.000000
128 5049552 0.000002 4.000000
128 8572960 0.000002 4.000000
128 8198069 0.000003 4.000000
128 3918024 0.000002 4.000000
128 3 0.000037 8.000000
128 8 0.000143 8.000000
128 2 0.000043 8.000000
128 4 0.000053 8.000000
128 8 0.000074 8.000000
128 2 0.000033 8.000000
128 2 0.000054 8.000000
128 4 0.000041 8.000000
128 2 0.000037 8.000000
128 9 0.000040 8.000000
128 913 0.000082 8.000000
128 958 0.000038 8.000000
128 993 0.000026 8.000000
128 784 0.002388 8.000000
128 926 0.000041 8.000000
128 129 0.000039 8.000000
128 266 0.000042 8.000000
128 361 0.000033 8.000000
128 267 0.000066 8.000000
128 564 0.000042 8.000000
128 7805 0.000255 8.000000
128 5231 0.000047 8.000000
128 7808 0.000076 8.000000
128 4711 0.000071 8.000000
128 9568 0.000046 8.000000
128 9347 0.000048 8.000000
128 5663 0.000036 8.000000
128 2448 0.000049 8.000000
128 5650 0.000053 8.000000
128 4893 0.000066 8.000000
128 16816 0.000059 8.000000
128 23387 0.000038 8.000000
128 12069 0.000089 8.000000
128 41070 0.000038 8.000000
128 46128 0.000040 8.000000
128 44208 0.000272 8.000000
128 99068 0.000059 8.000000
128 24496 0.000064 8.000000
128 70277 0.000245 8.000000
128 600430 0.000063 8.000000
128 190614 0.000036 8.000000
128 436146 0.000037 8.000000
128 712685 0.000085 8.000000
128 991283 0.000035 8.000000
128 957011 0.000039 8.000000
128 406024 0.000049 8.000000
128 569527 0.000044 8.000000
128 414631 0.000038 8.000000
128 414457 0.000041 8.000000
128 4386234 0.000057 8.000000
128 3968126 0.000045 8.000000
128 4127096 0.000041 8.000000
128 1614265 0.000054 8.000000
128 4417937 0.000039 8.000000
128 9448917 0.000122 8.000000
128 5049552 0.000030 8.000000
128 8572960 0.000032 8.000000
128 8198069 0.000047 8.000000
128 3918024 0.000147 8.000000
128 3 0.000689 12.000000
128 8 0.002180 12.000000
128 2 0.000736 12.000000
128 4 0.000611 12.000000
128 8 0.000605 12.000000
128 2 0.000498 12.000000
128 2 0.000646 12.000000
128 4 0.005592 12.000000
128 2 0.001471 12.000000
128 9 0.000854 12.000000
128 913 0.000897 12.000000
128 958 0.000507 12.000000
128 993 0.000503 12.000000
128 784 0.095245 12.000000
128 926 0.000558 12.000000
128 129 0.001519 12.000000
128 266 0.000920 12.000000
128 361 0.000497 12.000000
128 267 0.000966 12.000000
128 564 0.001118 12.000000
128 7805 0.002631 12.000000
128 5231 0.001359 12.000000
128 7808 0.000989 12.000000
128 4711 0.001147 12.000000
128 9568 0.000750 12.000000
128 9347 0.000680 12.000000
128 5663 0.000654 12.000000
128 2448 0.000835 12.000000
128 5650 0.000760 12.000000
128 4893 0.000680 12.000000
128 16816 0.000734 12.000000
128 23387 0.000538 12.000000
128 12069 0.001877 12.000000
128 41070 0.000517 12.000000
128 46128 0.000665 12.000000
128 44208 0.000890 12.000000
128 99068 0.001042 12.000000
128 24496 0.000685 12.000000
128 70277 0.005023 12.000000
128 600430 0.001155 12.000000
128 190614 0.001667 12.000000
128 436146 0.000709 12.000000
128 712685 0.000604 12.000000
128 991283 0.000545 12.000000
128 957011 0.000593 12.000000
128 406024 0.000817 12.000000
128 569527 0.000921 12.000000
128 414631 0.000660 12.000000
128 414457 0.000440 12.000000
128 4386234 0.000774 12.000000
128 3968126 0.001000 12.000000
128 4127096 0.000708 12.000000
128 1614265 0.001499 12.000000
128 4417937 0.000560 12.000000
128 9448917 0.001282 12.000000
128 5049552 0.000454 12.000000
128 8572960 0.000558 12.000000
128 8198069 0.000674 12.000000
128 3918024 0.003118 12.000000
128 3 0.010698 16.000000
128 8 0.041946 16.000000
128 2 0.014319 16.000000
128 4 0.013662 16.000000
128 8 0.023858 16.000000
128 2 0.008944 16.000000
128 2 0.023747 16.000000
128 4 0.013630 16.000000
128 2 0.010060 16.000000
128 9 0.012251 16.000000
128 913 0.022738 16.000000
128 958 0.008969 16.000000
128 993 0.008638 16.000000
128 784 1.000000 16.000000
128 926 0.010968 16.000000
128 129 0.039947 16.000000
128 266 0.012472 16.000000
128 361 0.007908 16.000000
128 267 0.024491 16.000000
128 564 0.019912 16.000000
128 7805 0.016790 16.000000
128 5231 0.011635 16.000000
128 7808 0.014598 16.000000
128 4711 0.021452 16.000000
128 9568 0.013673 16.000000
128 9347 0.013406 16.000000
128 5663 0.009467 16.000000
128 2448 0.013906 16.000000
128 5650 0.012552 16.000000
128 4893 0.019820 16.000000
128 16816 0.012015 16.000000
128 23387 0.008904 16.000000
128 12069 0.031967 16.000000
128 41070 0.009720 16.000000
128 46128 0.011603 16.000000
128 44208 0.036092 16.000000
128 99068 0.016743 16.000000
128 24496 0.008760 16.000000
128 70277 0.188925 16.000000
128 600430 0.015157 16.000000
128 190614 0.044453 16.000000
128 436146 0.012056 16.000000
128 712685 0.011324 16.000000
128 991283 0.008650 16.000000
128 957011 0.011628 16.000000
128 406024 0.013092 16.000000
128 569527 0.007472 16.000000
128 414631 0.011308 16.000000
128 414457 0.011740 16.000000
128 4386234 0.018748 16.000000
128 3968126 0.015013 16.000000
128 4127096 0.009498 16.000000
128 1614265 0.013467 16.000000
128 4417937 0.011673 16.000000
128 9448917 0.019493 16.000000
128 5049552 0.007673 16.000000
128 8572960 0.009460 16.000000
128 8198069 0.018518 16.000000
128 3918024 0.066138 16.000000
128 3 0.177019 20.000000
128 8 0.363179 20.000000
128 2 0.193848 20.000000
128 4 0.166882 20.000000
128 8 0.529882 20.000000
128 2 0.124864 20.000000
128 2 0.301353 20.000000
128 4 0.466892 20.000000
128 2 0.142868 20.000000
128 9 0.151821 20.000000
128 913 0.232435 20.000000
128 958 0.136874 20.000000
128 993 0.113953 20.000000
128 784 1.000000 20.000000
128 926 0.139858 20.000000
128 129 0.186036 20.000000
128 266 0.255687 20.000000
128 361 0.149240 20.000000
128 267 0.321697 20.000000
128 564 0.170304 20.000000
128 7805 0.410312 20.000000
128 5231 0.214434 20.000000
128 7808 0.234336 20.000000
128 4711 0.222200 20.000000
128 9568 0.145788 20.000000
128 9347 0.175907 20.000000
128 5663 0.120033 20.000000
128 2448 0.154670 20.000000
128 5650 0.175679 20.000000
128 4893 0.242708 20.000000
128 16816 0.217235 20.000000
128 23387 0.133620 20.000000
128 12069 0.596912 20.000000
128 41070 0.107104 20.000000
128 46128 0.192453 20.000000
128 44208 1.000000 20.000000
128 99068 0.200981 20.000000
128 24496 0.142941 20.000000
128 70277 1.000000 20.000000
128 600430 0.212897 20.000000
128 190614 0.269799 20.000000
128 436146 0.129125 20.000000
128 712685 0.270420 20.000000
128 991283 0.153509 20.000000
128 957011 0.157972 20.000000
128 406024 0.226474 20.000000
128 569527 0.198174 20.000000
128 414631 0.126503 20.000000
128 414457 0.159510 20.000000
128 4386234 0.207921 20.000000
128 3968126 0.226631 20.000000
128 4127096 0.141468 20.000000
128 1614265 0.172387 20.000000
128 4417937 0.157778 20.000000
128 9448917 0.401011 20.000000
128 5049552 0.116841 20.000000
128 8572960 0.111316 20.000000
128 8198069 0.168244 20.000000
128 3918024 0.365605 20.000000
