128 3 0.000002 4.000000
128 8 0.000005 4.000000
128 2 0.000004 4.000000
128 4 0.000002 4.000000
128 8 0.000006 4.000000
128 2 0.000002 4.000000
128 2 0.000005 4.000000
128 4 0.000002 4.000000
128 2 0.000005 4.000000
128 9 0.000003 4.000000
128 913 0.000004 4.000000
128 958 0.000002 4.000000
128 993 0.000002 4.000000
128 784 0.000126 4.000000
128 926 0.000003 4.000000
128 129 0.000006 4.000000
128 266 0.000003 4.000000
128 361 0.000002 4.000000
128 267 0.000002 4.000000
128 564 0.000004 4.000000
128 7805 0.000002 4.000000
128 5231 0.000003 4.000000
128 7808 0.000003 4.000000
128 4711 0.000003 4.000000
128 9568 0.000003 4.000000
128 9347 0.000003 4.000000
128 5663 0.000002 4.000000
128 2448 0.000002 4.000000
128 5650 0.000002 4.000000
128 4893 0.000003 4.000000
128 16816 0.000004 4.000000
128 23387 0.000002 4.000000
128 12069 0.000009 4.000000
128 41070 0.000002 4.000000
128 46128 0.000002 4.000000
128 44208 0.000002 4.000000
128 99068 0.000002 4.000000
128 24496 0.000005 4.000000
128 70277 0.000037 4.000000
128 600430 0.000004 4.000000
128 190614 0.000005 4.000000
128 436146 0.000003 4.000000
128 712685 0.000002 4.000000
128 991283 0.000003 4.000000
128 957011 0.000002 4.000000
128 406024 0.000002 4.000000
128 569527 0.000004 4.000000
128 414631 0.000003 4.000000
128 414457 0.000002 4.000000
128 4386234 0.000003 4.000000
128 3968126 0.000004 4.000000
128 4127096 0.000002 4.000000
128 1614265 0.000004 4.000000
128 4417937 0.000002 4.000000
128 9448917 0.000008 4.000000
128 5049552 0.000002 4.000000
128 8572960 0.000002 4.000000
128 8198069 0.000003 4.000000
128 3918024 0.000002 4.000000
128 3 0.000037 8.000000
128 8 0.000143 8.000000
128 2 0.000043 8.000000
128 4 0.000053 8.000000
128 8 0.000074 8.000000
128 2 0.000033 8.000000
128 2 0.000054 8.000000
128 4 0.000041 8.000000
128 2 0.000037 8.000000
128 9 0.000040 8.000000
128 913 0.000082 8.000000
128 958 0.000038 8.000000
128 993 0.000026 8.000000
128 784 0.002388 8.000000
128 926 0.000041 8.000000
128 129 0.000039 8.000000
128 266 0.000042 8.000000
128 361 0.000033 8.000000
128 267 0.000066 8.000000
128 564 0.000042 8.000000
128 7805 0.000255 8.000000
128 5231 0.000047 8.000000
128 7808 0.000076 8.000000
128 4711 0.000071 8.000000
128 9568 0.000046 8.000000
128 9347 0.000048 8.000000
128 5663 0.000036 8.000000
128 2448 0.000049 8.000000
128 5650 0.000053 8.000000
128 4893 0.000066 8.000000
128 16816 0.000059 8.000000
128 23387 0.000038 8.000000
128 12069 0.000089 8.000000
128 41070 0.000038 8.000000
128 46128 0.000040 8.000000
128 44208 0.000272 8.000000
128 99068 0.000059 8.000000
128 24496 0.000064 8.000000
128 70277 0.000245 8.000000
128 600430 0.000063 8.000000
128 190614 0.000036 8.000000
128 436146 0.000037 8.000000
128 712685 0.000085 8.000000
128 991283 0.000035 8.000000
128 957011 0.000039 8.000000
128 406024 0.000049 8.000000
128 569527 0.000044 8.000000
128 414631 0.000038 8.000000
128 414457 0.000041 8.000000
128 4386234 0.000057 8.000000
128 3968126 0.000045 8.000000
128 4127096 0.000041 8.000000
128 1614265 0.000054 8.000000
128 4417937 0.000039 8.000000
128 9448917 0.000122 8.000000
128 5049552 0.000030 8.000000
128 8572960 0.000032 8.000000
128 8198069 0.000047 8.000000
128 3918024 0.000147 8.000000
256 2 0.000002 4.000000
256 1 0.000010 4.000000
256 8 0.000049 4.000000
256 1 0.000003 4.000000
256 10 0.000003 4.000000
256 3 0.000003 4.000000
256 4 0.000008 4.000000
256 2 0.000003 4.000000
256 8 0.000004 4.000000
256 1 0.000002 4.000000
256 133 0.000004 4.000000
256 633 0.000004 4.000000
256 221 0.000003 4.000000
256 435 0.000003 4.000000
256 500 0.000011 4.000000
256 368 0.000003 4.000000
256 312 0.000003 4.000000
256 393 0.000002 4.000000
256 452 0.000003 4.000000
256 262 0.000003 4.000000
256 9615 0.000002 4.000000
256 4959 0.000002 4.000000
256 8069 0.000003 4.000000
256 6240 0.000004 4.000000
256 1545 0.000006 4.000000
256 1653 0.000002 4.000000
256 2928 0.000003 4.000000
256 5207 0.000004 4.000000
256 7786 0.000002 4.000000
256 8880 0.000002 4.000000
256 16671 0.000004 4.000000
256 57045 0.000012 4.000000
256 56583 0.000005 4.000000
256 59682 0.000002 4.000000
256 70106 0.000003 4.000000
256 32370 0.000004 4.000000
256 50454 0.000003 4.000000
256 97146 0.000006 4.000000
256 62347 0.000003 4.000000
256 986964 0.000003 4.000000
256 543183 0.000003 4.000000
256 318113 0.000002 4.000000
256 355450 0.000002 4.000000
256 781804 0.000003 4.000000
256 844792 0.000003 4.000000
256 668997 0.000003 4.000000
256 494762 0.000006 4.000000
256 768634 0.000006 4.000000
256 476810 0.000002 4.000000
256 3170934 0.000005 4.000000
256 2257170 0.000003 4.000000
256 7887638 0.000003 4.000000
256 1996362 0.000034 4.000000
256 3149669 0.000046 4.000000
256 8338895 0.000075 4.000000
256 9292678 0.000048 4.000000
256 3802026 0.000035 4.000000
256 9336164 0.000053 4.000000
256 1334274 0.000070 4.000000
256 2 0.000039 8.000000
256 1 0.000182 8.000000
256 8 0.000682 8.000000
256 1 0.000042 8.000000
256 10 0.000039 8.000000
256 3 0.000101 8.000000
256 4 0.000093 8.000000
256 2 0.000043 8.000000
256 8 0.000085 8.000000
256 1 0.000063 8.000000
256 133 0.000057 8.000000
256 633 0.000048 8.000000
256 221 0.000048 8.000000
256 435 0.000058 8.000000
256 500 0.000162 8.000000
256 368 0.000041 8.000000
256 312 0.000054 8.000000
256 393 0.000067 8.000000
256 452 0.000035 8.000000
256 262 0.000075 8.000000
256 9615 0.000031 8.000000
256 4959 0.000049 8.000000
256 8069 0.000115 8.000000
256 6240 0.000091 8.000000
256 1545 0.000314 8.000000
256 1653 0.000037 8.000000
256 2928 0.000035 8.000000
256 5207 0.000106 8.000000
256 7786 0.000038 8.000000
256 8880 0.000029 8.000000
256 16671 0.000043 8.000000
256 57045 0.000157 8.000000
256 56583 0.000054 8.000000
256 59682 0.000051 8.000000
256 70106 0.000038 8.000000
256 32370 0.000052 8.000000
256 50454 0.000045 8.000000
256 97146 0.000076 8.000000
256 62347 0.000042 8.000000
256 986964 0.000038 8.000000
256 543183 0.000051 8.000000
256 318113 0.000548 8.000000
256 355450 0.000955 8.000000
256 781804 0.000677 8.000000
256 844792 0.000615 8.000000
256 668997 0.000685 8.000000
256 494762 0.001697 8.000000
256 768634 0.001412 8.000000
256 476810 0.000831 8.000000
256 3170934 0.001411 8.000000
256 2257170 0.000788 8.000000
256 7887638 0.001186 8.000000
256 1996362 0.000607 8.000000
256 3149669 0.000629 8.000000
256 8338895 0.000850 8.000000
256 9292678 0.000567 8.000000
256 3802026 0.000756 8.000000
256 9336164 0.001037 8.000000
256 1334274 0.002575 8.000000
512 6 0.000046 4.000000
512 9 0.000049 4.000000
512 1 0.000074 4.000000
512 9 0.000043 4.000000
512 8 0.000054 4.000000
512 2 0.000038 4.000000
512 7 0.000059 4.000000
512 5 0.000052 4.000000
512 4 0.000115 4.000000
512 1 0.000054 4.000000
512 685 0.000045 4.000000
512 403 0.000173 4.000000
512 838 0.000066 4.000000
512 872 0.000062 4.000000
512 377 0.000049 4.000000
512 686 0.000041 4.000000
512 159 0.000040 4.000000
512 292 0.000061 4.000000
512 735 0.000074 4.000000
512 706 0.000043 4.000000
512 7679 0.000041 4.000000
512 3625 0.000212 4.000000
512 1508 0.001572 4.000000
512 4125 0.000057 4.000000
512 9025 0.000050 4.000000
512 1733 0.000058 4.000000
512 5820 0.000044 4.000000
512 4708 0.000044 4.000000
512 7037 0.000038 4.000000
512 3299 0.000072 4.000000
512 46989 0.000044 4.000000
512 91632 0.000057 4.000000
512 83519 0.000890 4.000000
512 88313 0.000050 4.000000
512 40879 0.000039 4.000000
512 34313 0.000063 4.000000
512 37490 0.000042 4.000000
512 33347 0.000236 4.000000
512 37362 0.000212 4.000000
512 406593 0.000041 4.000000
512 453312 0.000038 4.000000
512 507198 0.000064 4.000000
512 164631 0.000048 4.000000
512 428990 0.000045 4.000000
512 595859 0.000043 4.000000
512 405253 0.000078 4.000000
512 812100 0.000083 4.000000
512 741922 0.000107 4.000000
512 771977 0.000063 4.000000
512 4700420 0.000038 4.000000
512 7444268 0.000067 4.000000
512 1994777 0.000057 4.000000
512 7088309 0.000186 4.000000
512 6658769 0.000071 4.000000
512 8552075 0.000037 4.000000
512 1283407 0.000038 4.000000
512 5723130 0.000069 4.000000
512 7543944 0.000174 4.000000
512 6169870 0.000131 4.000000
512 6 0.001143 8.000000
512 9 0.000897 8.000000
512 1 0.001021 8.000000
512 9 0.000722 8.000000
512 8 0.001262 8.000000
512 2 0.000611 8.000000
512 7 0.000931 8.000000
512 5 0.000786 8.000000
512 4 0.001702 8.000000
512 1 0.000819 8.000000
512 685 0.000716 8.000000
512 403 0.002310 8.000000
512 838 0.001241 8.000000
512 872 0.000915 8.000000
512 377 0.001222 8.000000
512 686 0.000706 8.000000
512 159 0.000585 8.000000
512 292 0.000735 8.000000
512 735 0.001043 8.000000
512 706 0.000683 8.000000
512 7679 0.000749 8.000000
512 3625 0.002994 8.000000
512 1508 0.005779 8.000000
512 4125 0.000953 8.000000
512 9025 0.000729 8.000000
512 1733 0.000675 8.000000
512 5820 0.000685 8.000000
512 4708 0.000839 8.000000
512 7037 0.000613 8.000000
512 3299 0.000892 8.000000
512 46989 0.001007 8.000000
512 91632 0.000858 8.000000
512 83519 0.005169 8.000000
512 88313 0.000679 8.000000
512 40879 0.000616 8.000000
512 34313 0.000832 8.000000
512 37490 0.000701 8.000000
512 33347 0.004550 8.000000
512 37362 0.001651 8.000000
512 406593 0.000610 8.000000
512 453312 0.000709 8.000000
512 507198 0.001022 8.000000
512 164631 0.000686 8.000000
512 428990 0.000627 8.000000
512 595859 0.000630 8.000000
512 405253 0.000877 8.000000
512 812100 0.001321 8.000000
512 741922 0.002087 8.000000
512 771977 0.001079 8.000000
512 4700420 0.000647 8.000000
512 7444268 0.001063 8.000000
512 1994777 0.000635 8.000000
512 7088309 0.001108 8.000000
512 6658769 0.001208 8.000000
512 8552075 0.000642 8.000000
512 1283407 0.000614 8.000000
512 5723130 0.001337 8.000000
512 7543944 0.001842 8.000000
512 6169870 0.001372 8.000000
1024 2 0.000051 4.000000
1024 7 0.000047 4.000000
1024 1 0.000043 4.000000
1024 9 0.000063 4.000000
1024 7 0.000087 4.000000
1024 5 0.000078 4.000000
1024 9 0.000077 4.000000
1024 7 0.000067 4.000000
1024 8 0.000043 4.000000
1024 9 0.000350 4.000000
1024 187 0.000042 4.000000
1024 282 0.000046 4.000000
1024 743 0.000051 4.000000
1024 606 0.000063 4.000000
1024 364 0.000049 4.000000
1024 354 0.000553 4.000000
1024 286 0.000067 4.000000
1024 988 0.000062 4.000000
1024 734 0.000046 4.000000
1024 314 0.000076 4.000000
1024 1373 0.000058 4.000000
1024 3512 0.000040 4.000000
1024 9773 0.000077 4.000000
1024 8262 0.000048 4.000000
1024 8110 0.000056 4.000000
1024 7103 0.000066 4.000000
1024 7592 0.000043 4.000000
1024 7973 0.000042 4.000000
1024 6975 0.000055 4.000000
1024 4811 0.000050 4.000000
1024 65476 0.000054 4.000000
1024 48201 0.000055 4.000000
1024 81394 0.000071 4.000000
1024 40636 0.000043 4.000000
1024 10328 0.000049 4.000000
1024 15281 0.000045 4.000000
1024 24179 0.000108 4.000000
1024 32375 0.000087 4.000000
1024 67999 0.000062 4.000000
1024 409955 0.000058 4.000000
1024 683999 0.000093 4.000000
1024 875849 0.000091 4.000000
1024 895549 0.000053 4.000000
1024 902546 0.000048 4.000000
1024 907076 0.000108 4.000000
1024 557765 0.000050 4.000000
1024 357859 0.000043 4.000000
1024 465034 0.000061 4.000000
1024 628113 0.000051 4.000000
1024 7968561 0.000061 4.000000
1024 8092661 0.000042 4.000000
1024 6875469 0.000065 4.000000
1024 3135291 0.000050 4.000000
1024 8954287 0.000050 4.000000
1024 2891804 0.000044 4.000000
1024 4982629 0.000071 4.000000
1024 7106117 0.000154 4.000000
1024 6430084 0.000047 4.000000
1024 3258739 0.000056 4.000000
1024 2 0.000737 8.000000
1024 7 0.001038 8.000000
1024 1 0.000640 8.000000
1024 9 0.000903 8.000000
1024 7 0.001541 8.000000
1024 5 0.001321 8.000000
1024 9 0.001071 8.000000
1024 7 0.001850 8.000000
1024 8 0.000586 8.000000
1024 9 0.011804 8.000000
1024 187 0.000854 8.000000
1024 282 0.001618 8.000000
1024 743 0.000921 8.000000
1024 606 0.001053 8.000000
1024 364 0.000826 8.000000
1024 354 0.001774 8.000000
1024 286 0.001000 8.000000
1024 988 0.000884 8.000000
1024 734 0.000682 8.000000
1024 314 0.001346 8.000000
1024 1373 0.000795 8.000000
1024 3512 0.000695 8.000000
1024 9773 0.001150 8.000000
1024 8262 0.000817 8.000000
1024 8110 0.001058 8.000000
1024 7103 0.002496 8.000000
1024 7592 0.000813 8.000000
1024 7973 0.000684 8.000000
1024 6975 0.000835 8.000000
1024 4811 0.000899 8.000000
1024 65476 0.000835 8.000000
1024 48201 0.001025 8.000000
1024 81394 0.001100 8.000000
1024 40636 0.000736 8.000000
1024 10328 0.000796 8.000000
1024 15281 0.000708 8.000000
1024 24179 0.003611 8.000000
1024 32375 0.001025 8.000000
1024 67999 0.000831 8.000000
1024 409955 0.001306 8.000000
1024 683999 0.000975 8.000000
1024 875849 0.001390 8.000000
1024 895549 0.000896 8.000000
1024 902546 0.000756 8.000000
1024 907076 0.000996 8.000000
1024 557765 0.000743 8.000000
1024 357859 0.000813 8.000000
1024 465034 0.000877 8.000000
1024 628113 0.000760 8.000000
1024 7968561 0.002448 8.000000
1024 8092661 0.000721 8.000000
1024 6875469 0.001053 8.000000
1024 3135291 0.001560 8.000000
1024 8954287 0.000749 8.000000
1024 2891804 0.000734 8.000000
1024 4982629 0.001634 8.000000
1024 7106117 0.001727 8.000000
1024 6430084 0.000936 8.000000
1024 3258739 0.001008 8.000000
