128 3 0.010101 4.000000
128 4 0.010000 4.000000
128 3 0.010101 4.000000
128 1 0.010204 4.000000
128 4 0.010000 4.000000
128 429 0.050000 4.000000
128 840 0.030303 4.000000
128 649 0.010000 4.000000
128 272 0.010000 4.000000
128 655 0.010000 4.000000
128 8187 0.151515 4.000000
128 8141 0.020408 4.000000
128 8961 0.140000 4.000000
128 5219 0.500000 4.000000
128 3722 0.030612 4.000000
128 43979 1.000000 4.000000
128 12790 0.676768 4.000000
128 62757 1.000000 4.000000
128 30588 0.366337 4.000000
128 22815 0.844262 4.000000
128 649991 0.734694 4.000000
128 323187 0.824675 4.000000
128 370894 1.000000 4.000000
128 740318 0.183246 4.000000
128 210192 1.000000 4.000000
128 7948385 1.000000 4.000000
128 6193053 0.835052 4.000000
128 7659879 1.000000 4.000000
128 9138683 0.967381 4.000000
128 6873467 1.000000 4.000000
128 3 0.080808 8.000000
128 4 0.060000 8.000000
128 3 0.050505 8.000000
128 1 0.010204 8.000000
128 4 0.010000 8.000000
128 429 0.300000 8.000000
128 840 0.959596 8.000000
128 649 0.020000 8.000000
128 272 0.270000 8.000000
128 655 0.220000 8.000000
128 8187 1.000000 8.000000
128 8141 0.234694 8.000000
128 8961 1.000000 8.000000
128 5219 1.000000 8.000000
128 3722 0.234694 8.000000
128 43979 1.000000 8.000000
128 12790 1.000000 8.000000
128 62757 1.000000 8.000000
128 30588 0.455446 8.000000
128 22815 1.000000 8.000000
128 649991 1.000000 8.000000
128 323187 1.000000 8.000000
128 370894 1.000000 8.000000
128 740318 0.287958 8.000000
128 210192 1.000000 8.000000
128 7948385 0.432056 8.000000
128 6193053 0.587629 8.000000
128 7659879 1.000000 8.000000
128 9138683 0.987836 8.000000
128 6873467 1.000000 8.000000
128 3 0.282828 12.000000
128 4 0.200000 12.000000
128 3 0.222222 12.000000
128 1 1.000000 12.000000
128 4 0.120000 12.000000
128 429 1.000000 12.000000
128 840 1.000000 12.000000
128 649 1.000000 12.000000
128 272 1.000000 12.000000
128 655 1.000000 12.000000
128 8187 0.848485 12.000000
128 8141 1.000000 12.000000
128 8961 1.000000 12.000000
128 5219 1.000000 12.000000
128 3722 1.000000 12.000000
128 43979 1.000000 12.000000
128 12790 1.000000 12.000000
128 62757 1.000000 12.000000
128 30588 1.000000 12.000000
128 22815 1.000000 12.000000
128 649991 1.000000 12.000000
128 323187 1.000000 12.000000
128 370894 1.000000 12.000000
128 740318 1.000000 12.000000
128 210192 1.000000 12.000000
128 7948385 1.000000 12.000000
128 6193053 1.000000 12.000000
128 7659879 1.000000 12.000000
128 9138683 1.000000 12.000000
128 6873467 1.000000 12.000000
128 3 1.000000 16.000000
128 4 1.000000 16.000000
128 3 1.000000 16.000000
128 1 1.000000 16.000000
128 4 1.000000 16.000000
128 429 1.000000 16.000000
128 840 1.000000 16.000000
128 649 1.000000 16.000000
128 272 1.000000 16.000000
128 655 1.000000 16.000000
128 8187 1.000000 16.000000
128 8141 1.000000 16.000000
128 8961 1.000000 16.000000
128 5219 1.000000 16.000000
128 3722 1.000000 16.000000
128 43979 1.000000 16.000000
128 12790 1.000000 16.000000
128 62757 1.000000 16.000000
128 30588 1.000000 16.000000
128 22815 1.000000 16.000000
128 649991 1.000000 16.000000
128 323187 1.000000 16.000000
128 370894 1.000000 16.000000
128 740318 1.000000 16.000000
128 210192 1.000000 16.000000
128 7948385 1.000000 16.000000
128 6193053 1.000000 16.000000
128 7659879 1.000000 16.000000
128 9138683 0.991044 16.000000
128 6873467 1.000000 16.000000
128 3 1.000000 20.000000
128 4 1.000000 20.000000
128 3 1.000000 20.000000
128 1 1.000000 20.000000
128 4 1.000000 20.000000
128 429 1.000000 20.000000
128 840 1.000000 20.000000
128 649 1.000000 20.000000
128 272 1.000000 20.000000
128 655 1.000000 20.000000
128 8187 1.000000 20.000000
128 8141 1.000000 20.000000
128 8961 1.000000 20.000000
128 5219 1.000000 20.000000
128 3722 1.000000 20.000000
128 43979 1.000000 20.000000
128 12790 1.000000 20.000000
128 62757 1.000000 20.000000
128 30588 1.000000 20.000000
128 22815 1.000000 20.000000
128 649991 1.000000 20.000000
128 323187 1.000000 20.000000
128 370894 1.000000 20.000000
128 740318 1.000000 20.000000
128 210192 1.000000 20.000000
128 7948385 1.000000 20.000000
128 6193053 1.000000 20.000000
128 7659879 1.000000 20.000000
128 9138683 1.000000 20.000000
128 6873467 1.000000 20.000000
