5000 10.970000 0.000000 4.000000
5000 10.870000 0.000000 4.000000
5000 11.050000 0.000000 4.000000
5000 10.920000 0.000000 4.000000
5000 11.050000 0.000000 4.000000
5000 599.809998 0.000000 4.000000
5000 816.059998 0.000000 4.000000
5000 525.739990 0.000000 4.000000
5000 689.020020 0.011200 4.000000
5000 814.229980 0.000000 4.000000
5000 1583.349976 0.033200 4.000000
000 525.739990 0.273000 20.000000
5000 689.020020 0.219800 20.000000
5000 814.229980 0.328200 20.000000
5000 1583.349976 0.397400 20.000000
5000 1601.030029 0.185200 20.000000
5000 1328.359985 0.230800 20.000000
5000 1714.770020 0.344600 20.000000
5000 8168.439941 0.237200 20.000000
5000 22494.189453 0.480600 20.000000
5000 35520.339844 0.249200 20.000000
5000 15474.370117 0.194400 20.000000
5000 20882.769531 0.302600 20.000000
5000 24606.720703 0.246800 20.000000
10000 10.750000 0.222000 4.000000
10000 10.770000 0.093400 4.000000
10000 10.680000 0.117200 4.000000
10000 10.710000 0.000000 4.000000
10000 10.760000 0.000000 4.000000
10000 938.750000 0.000700 4.000000
10000 593.559998 0.000000 4.000000
10000 550.179993 0.005700 4.000000
10000 544.809998 0.001000 4.000000
10000 709.200012 0.002100 4.000000
10000 1582.709961 0.000200 4.000000
10000 3500.580078 0.174800 4.000000
10000 2010.699951 0.000300 4.000000
10000 1851.560059 0.000000 4.000000
10000 1074.859985 0.000000 4.000000
10000 34552.031250 0.000000 4.000000
10000 20713.019531 0.001400 4.000000
10000 11250.580078 0.000000 4.000000
10000 14012.690430 0.000600 4.000000
10000 56250.320312 0.013200 4.000000
0000 550.179993 0.020300 16.000000
10000 544.809998 0.542400 16.000000
10000 709.200012 0.113500 16.000000
10000 1582.709961 0.053400 16.000000
10000 3500.580078 0.300400 16.000000
10000 2010.699951 0.341900 16.000000
10000 1851.560059 0.023100 16.000000
10000 1074.859985 0.020800 16.000000
10000 34552.031250 0.098900 16.000000
10000 20713.019531 0.049400 16.000000
10000 11250.580078 0.017000 16.000000
10000 14012.690430 0.037000 16.000000
10000 56250.320312 0.159200 16.000000
10000 10.750000 0.327800 20.000000
10000 10.770000 0.314800 20.000000
10000 10.680000 0.418100 20.000000
10000 10.710000 0.306600 20.000000
10000 10.760000 0.272400 20.000000
10000 938.750000 0.150500 20.000000
10000 593.559998 0.338000 20.000000
10000 550.179993 0.375800 20.000000
10000 544.809998 0.251100 20.000000
10000 709.200012 0.410400 20.000000
10000 1582.709961 0.264500 20.000000
10000 3500.580078 0.437800 20.000000
10000 2010.699951 0.266000 20.000000
10000 1851.560059 0.344900 20.000000
10000 1074.859985 0.345500 20.000000
10000 34552.031250 0.338800 20.000000
10000 20713.019531 0.252700 20.000000
10000 11250.580078 0.292900 20.000000
10000 14012.690430 0.487200 20.000000
10000 56250.320312 0.225900 20.000000
