5000 10.970000 0.000000 4.000000
5000 10.870000 0.000000 4.000000
5000 11.050000 0.000000 4.000000
5000 10.920000 0.000000 4.000000
5000 11.050000 0.000000 4.000000
5000 599.809998 0.000000 4.000000
5000 816.059998 0.000000 4.000000
5000 525.739990 0.000000 4.000000
5000 689.020020 0.011200 4.000000
5000 814.229980 0.000000 4.000000
5000 1583.349976 0.033200 4.000000
5000 1601.030029 0.045600 4.000000
5000 1328.359985 0.000000 4.000000
5000 1714.770020 0.000000 4.000000
5000 8168.439941 0.000000 4.000000
5000 22494.189453 0.000000 4.000000
5000 35520.339844 0.012400 4.000000
5000 15474.370117 0.009200 4.000000
5000 20882.769531 0.000000 4.000000
5000 24606.720703 0.000000 4.000000
5000 10.970000 0.088800 8.000000
5000 10.870000 0.092800 8.000000
5000 11.050000 0.002800 8.000000
5000 10.920000 0.092600 8.000000
5000 11.050000 0.155600 8.000000
5000 599.809998 0.010200 8.000000
5000 816.059998 0.013000 8.000000
5000 525.739990 0.012400 8.000000
5000 689.020020 0.008800 8.000000
5000 814.229980 0.004600 8.000000
5000 1583.349976 0.007600 8.000000
5000 1601.030029 0.043400 8.000000
5000 1328.359985 0.013800 8.000000
5000 1714.770020 0.008400 8.000000
5000 8168.439941 0.002400 8.000000
5000 22494.189453 0.005200 8.000000
5000 35520.339844 0.048200 8.000000
5000 15474.370117 0.005800 8.000000
5000 20882.769531 0.006800 8.000000
5000 24606.720703 0.005000 8.000000
10000 10.750000 0.222000 4.000000
10000 10.770000 0.093400 4.000000
10000 10.680000 0.117200 4.000000
10000 10.710000 0.000000 4.000000
10000 10.760000 0.000000 4.000000
10000 938.750000 0.000700 4.000000
10000 593.559998 0.000000 4.000000
10000 550.179993 0.005700 4.000000
10000 544.809998 0.001000 4.000000
10000 709.200012 0.002100 4.000000
10000 1582.709961 0.000200 4.000000
10000 3500.580078 0.174800 4.000000
10000 2010.699951 0.000300 4.000000
10000 1851.560059 0.000000 4.000000
10000 1074.859985 0.000000 4.000000
10000 34552.031250 0.000000 4.000000
10000 20713.019531 0.001400 4.000000
10000 11250.580078 0.000000 4.000000
10000 14012.690430 0.000600 4.000000
10000 56250.320312 0.013200 4.000000
10000 10.750000 0.200700 8.000000
10000 10.770000 0.092100 8.000000
10000 10.680000 0.252800 8.000000
10000 10.710000 0.111300 8.000000
10000 10.760000 0.135900 8.000000
10000 938.750000 0.049300 8.000000
10000 593.559998 0.001800 8.000000
10000 550.179993 0.040400 8.000000
10000 544.809998 0.005100 8.000000
10000 709.200012 0.004600 8.000000
10000 1582.709961 0.008600 8.000000
10000 3500.580078 0.264600 8.000000
10000 2010.699951 0.130700 8.000000
10000 1851.560059 0.003100 8.000000
10000 1074.859985 0.002800 8.000000
10000 34552.031250 0.000000 8.000000
10000 20713.019531 0.031800 8.000000
10000 11250.580078 0.010900 8.000000
10000 14012.690430 0.007600 8.000000
10000 56250.320312 0.012900 8.000000
