5000 10.970000 0.000000 4.000000
5000 10.870000 0.000000 4.000000
5000 11.050000 0.000000 4.000000
5000 10.920000 0.000000 4.000000
5000 11.050000 0.000000 4.000000
5000 599.809998 0.000000 4.000000
5000 816.059998 0.000000 4.000000
5000 525.739990 0.000000 4.000000
000 10.970000 0.088800 8.000000
5000 10.870000 0.092800 8.000000
5000 11.050000 0.002800 8.000000
5000 10.920000 0.092600 8.000000
5000 11.050000 0.155600 8.000000
5000 599.809998 0.010200 8.000000
5000 816.059998 0.013000 8.000000
5000 525.739990 0.012400 8.000000
5000 689.020020 0.008800 8.000000
5000 814.229980 0.004600 8.000000
000 20882.769531 0.006800 8.000000
5000 24606.720703 0.005000 8.000000
5000 10.970000 0.138600 12.000000
5000 10.870000 0.153400 12.000000
5000 11.050000 0.083800 12.000000
000 24606.720703 0.010400 12.000000
5000 10.970000 0.197200 16.000000
5000 10.870000 0.221800 16.000000
5000 11.050000 0.203000 16.000000
5000 10.920000 0.163400 16.000000
5000 11.050000 0.279800 16.000000
5000 599.809998 0.018400 16.000000
5000 816.059998 0.095600 16.000000
5000 525.739990 0.024400 16.000000
5000 689.020020 0.036400 16.000000
000 8168.439941 0.013600 16.000000
10000 10.750000 0.222000 4.000000
10000 10.770000 0.093400 4.000000
10000 10.680000 0.117200 4.000000
10000 10.710000 0.000000 4.000000
10000 10.760000 0.000000 4.000000
10000 938.750000 0.000700 4.000000
10000 593.559998 0.000000 4.000000
10000 550.179993 0.005700 4.000000
10000 544.809998 0.001000 4.000000
10000 709.200012 0.002100 4.000000
10000 1582.709961 0.000200 4.000000
10000 938.750000 0.052700 12.000000
10000 593.559998 0.003000 12.000000
10000 550.179993 0.002300 12.000000
10000 544.809998 0.017800 12.000000
10000 709.200012 0.143300 12.000000
10000 1582.709961 0.006900 12.000000
10000 3500.580078 0.261500 12.000000
10000 2010.699951 0.332200 12.000000
10000 1851.560059 0.018300 12.000000
10000 1074.859985 0.002300 12.000000
10000 34552.031250 0.012800 12.000000
10000 20713.019531 0.053400 12.000000
10000 11250.580078 0.002700 12.000000
10000 14012.690430 0.011700 12.000000
10000 56250.320312 0.012100 12.000000
10000 10.750000 0.311000 16.000000
10000 10.770000 0.153800 16.000000
10000 10.680000 0.192300 16.000000
10000 10.710000 0.208800 16.000000
10000 10.760000 0.173300 16.000000
10000 938.750000 0.020400 16.000000
10000 593.559998 0.017000 16.000000
10000 550.179993 0.020300 16.000000
10000 544.809998 0.542400 16.000000
10000 709.200012 0.113500 16.000000
10000 1582.709961 0.053400 16.000000
10000 3500.580078 0.300400 16.000000
10000 2010.699951 0.341900 16.000000
10000 1851.560059 0.023100 16.000000
10000 1074.859985 0.020800 16.000000
10000 34552.031250 0.098900 16.000000
10000 20713.019531 0.049400 16.000000
10000 11250.580078 0.017000 16.000000
10000 14012.690430 0.037000 16.000000
10000 56250.320312 0.159200 16.000000
10000 10.750000 0.327800 20.000000
10000 10.770000 0.314800 20.000000
10000 10.680000 0.418100 20.000000
10000 10.710000 0.306600 20.000000
10000 10.760000 0.272400 20.000000
10000 938.750000 0.150500 20.000000
10000 593.559998 0.338000 20.000000
10000 550.179993 0.375800 20.000000
10000 544.809998 0.251100 20.000000
10000 709.200012 0.410400 20.000000
10000 1582.709961 0.264500 20.000000
10000 3500.580078 0.437800 20.000000
10000 2010.699951 0.266000 20.000000
10000 1851.560059 0.344900 20.000000
10000 1074.859985 0.345500 20.000000
10000 34552.031250 0.338800 20.000000
10000 20713.019531 0.252700 20.000000
10000 11250.580078 0.292900 20.000000
10000 14012.690430 0.487200 20.000000
10000 56250.320312 0.225900 20.000000
