128 9 0.142492 4.000000
128 8 0.008076 4.000000
128 8 0.558707 4.000000
128 10 0.005864 4.000000
128 5 0.063833 4.000000
128 196 0.110363 4.000000
128 758 0.575106 4.000000
128 376 1.000000 4.000000
28 47181 1.000000 4.000000
128 31974 0.304481 4.000000
128 101698 0.008703 4.000000
128 717817 0.081985 4.000000
128 119476 0.020341 4.000000
128 692180 0.009295 4.000000
128 158333 0.224307 4.000000
128 5892561 0.070081 4.000000
128 4436385 0.012204 4.000000
128 5981886 0.010794 4.000000
128 2809979 0.015445 4.000000
128 7369480 0.015570 4.000000
128 9 0.783809 8.000000
128 8 0.062627 8.000000
128 8 1.000000 8.000000
128 10 0.073434 8.000000
128 5 0.433529 8.000000
128 196 0.121255 8.000000
128 758 0.919053 8.000000
128 376 0.953186 8.000000
128 745 0.192608 8.000000
128 508 0.857867 8.000000
28 158333 0.487572 8.000000
128 5892561 0.195704 8.000000
128 4436385 0.127180 8.000000
128 5981886 0.112458 8.000000
128 2809979 0.514239 8.000000
128 7369480 0.403896 8.000000
128 9 1.000000 12.000000
128 8 1.000000 12.000000
128 8 1.000000 12.000000
128 10 1.000000 12.000000
128 5 1.000000 12.000000
128 196 0.954169 12.000000
128 758 0.991643 12.000000
128 376 0.996822 12.000000
128 745 0.644139 12.000000
128 508 1.000000 12.000000
128 9787 1.000000 12.000000
128 5176 1.000000 12.000000
128 6512 1.000000 12.000000
128 9234 0.585272 12.000000
128 1942 1.000000 12.000000
128 92671 1.000000 12.000000
128 81043 0.998010 12.000000
28 4436385 0.818814 12.000000
128 5981886 1.000000 12.000000
128 2809979 1.000000 12.000000
128 7369480 1.000000 12.000000
128 9 1.000000 16.000000
128 8 1.000000 16.000000
128 8 0.999453 16.000000
128 10 1.000000 16.000000
128 5 0.876609 16.000000
128 196 0.999973 16.000000
128 758 1.000000 16.000000
128 376 1.000000 16.000000
128 745 1.000000 16.000000
128 508 1.000000 16.000000
128 9787 1.000000 16.000000
128 5176 1.000000 16.000000
128 6512 1.000000 16.000000
128 9234 1.000000 16.000000
28 5892561 1.000000 16.000000
128 4436385 1.000000 16.000000
128 5981886 1.000000 16.000000
128 2809979 1.000000 16.000000
128 7369480 1.000000 16.000000
128 9 1.000000 20.000000
128 8 1.000000 20.000000
128 8 1.000000 20.000000
128 10 1.000000 20.000000
128 5 1.000000 20.000000
128 196 1.000000 20.000000
128 758 1.000000 20.000000
128 376 1.000000 20.000000
128 745 1.000000 20.000000
128 508 1.000000 20.000000
128 9787 1.000000 20.000000
28 101698 1.000000 20.000000
128 717817 1.000000 20.000000
128 119476 1.000000 20.000000
128 692180 1.000000 20.000000
128 158333 1.000000 20.000000
128 5892561 1.000000 20.000000
128 4436385 1.000000 20.000000
128 5981886 1.000000 20.000000
128 2809979 1.000000 20.000000
128 7369480 1.000000 20.000000
256 3 0.435514 4.000000
256 4 0.065191 4.000000
256 2 0.351717 4.000000
256 4 1.000000 4.000000
256 6 0.121997 4.000000
256 399 0.701712 4.000000
256 538 0.207568 4.000000
256 693 0.761429 4.000000
256 639 0.172001 4.000000
256 403 1.000000 4.000000
256 4966 0.208448 4.000000
256 5154 1.000000 4.000000
256 2716 1.000000 4.000000
256 7983 0.061569 4.000000
256 3886 0.032001 4.000000
256 48506 1.000000 4.000000
256 11253 1.000000 4.000000
256 78532 0.410585 4.000000
256 52360 0.032275 4.000000
256 57024 0.062520 4.000000
256 647969 0.515252 4.000000
256 824515 0.389460 4.000000
256 3 1.000000 8.000000
256 4 1.000000 8.000000
256 2 1.000000 8.000000
256 4 0.979366 8.000000
256 6 1.000000 8.000000
256 399 0.936421 8.000000
256 538 0.926454 8.000000
256 693 0.871003 8.000000
256 639 1.000000 8.000000
256 403 1.000000 8.000000
256 4966 0.799074 8.000000
256 5154 1.000000 8.000000
256 2716 1.000000 8.000000
256 7983 1.000000 8.000000
256 3886 0.322363 8.000000
256 48506 1.000000 8.000000
256 11253 1.000000 8.000000
256 78532 1.000000 8.000000
256 52360 1.000000 8.000000
256 57024 1.000000 8.000000
256 4814111 0.288135 8.000000
256 8513386 0.587566 8.000000
256 9069074 1.000000 8.000000
256 9658086 1.000000 8.000000
256 3 0.953101 12.000000
256 4 1.000000 12.000000
256 2 1.000000 12.000000
256 4 1.000000 12.000000
256 6 1.000000 12.000000
256 399 1.000000 12.000000
256 538 0.482437 12.000000
256 693 1.000000 12.000000
256 639 1.000000 12.000000
256 403 1.000000 12.000000
256 4966 1.000000 12.000000
256 5154 1.000000 12.000000
256 2716 0.995769 12.000000
256 7983 1.000000 12.000000
256 3886 1.000000 12.000000
256 8513386 1.000000 12.000000
256 9069074 0.958796 12.000000
256 9658086 1.000000 12.000000
256 3 1.000000 16.000000
256 4 1.000000 16.000000
256 2 1.000000 16.000000
256 4 1.000000 16.000000
256 6 1.000000 16.000000
256 399 1.000000 16.000000
256 538 1.000000 16.000000
256 693 0.998667 16.000000
256 639 1.000000 16.000000
256 403 1.000000 16.000000
256 4966 1.000000 16.000000
256 5154 1.000000 16.000000
256 2716 1.000000 16.000000
256 9655925 1.000000 16.000000
256 4814111 1.000000 16.000000
256 8513386 1.000000 16.000000
256 9069074 1.000000 16.000000
256 9658086 1.000000 16.000000
256 3 1.000000 20.000000
256 4 1.000000 20.000000
256 2 1.000000 20.000000
256 4 1.000000 20.000000
256 6 1.000000 20.000000
256 399 1.000000 20.000000
256 538 1.000000 20.000000
256 693 1.000000 20.000000
256 639 1.000000 20.000000
256 403 1.000000 20.000000
256 4966 1.000000 20.000000
256 5154 1.000000 20.000000
256 2716 1.000000 20.000000
256 7983 1.000000 20.000000
256 3886 1.000000 20.000000
256 48506 1.000000 20.000000
256 11253 1.000000 20.000000
256 78532 1.000000 20.000000
256 52360 1.000000 20.000000
256 57024 1.000000 20.000000
256 647969 1.000000 20.000000
256 824515 1.000000 20.000000
256 9658086 1.000000 20.000000
512 8 1.000000 4.000000
512 2 1.000000 4.000000
512 8 1.000000 4.000000
512 8 0.441803 4.000000
512 7 1.000000 4.000000
512 707 1.000000 4.000000
512 562 1.000000 4.000000
512 138 1.000000 4.000000
512 780 1.000000 4.000000
512 497 1.000000 4.000000
512 9511 1.000000 4.000000
512 9387 1.000000 4.000000
512 7929 0.109344 4.000000
512 4632 0.398033 4.000000
512 3619 0.264555 4.000000
512 398470 1.000000 4.000000
512 1745425 1.000000 4.000000
512 4628637 0.914452 4.000000
512 9242149 1.000000 4.000000
512 7573594 0.963649 4.000000
512 9877200 1.000000 4.000000
512 8 0.810826 8.000000
512 2 1.000000 8.000000
512 8 1.000000 8.000000
512 8 0.989177 8.000000
512 7 0.993361 8.000000
512 707 1.000000 8.000000
512 562 1.000000 8.000000
512 138 1.000000 8.000000
512 780 1.000000 8.000000
512 497 1.000000 8.000000
512 9511 1.000000 8.000000
512 9387 1.000000 8.000000
512 7929 1.000000 8.000000
512 4632 0.976913 8.000000
512 3619 1.000000 8.000000
512 69464 1.000000 8.000000
512 91199 1.000000 8.000000
512 72172 1.000000 8.000000
512 55780 1.000000 8.000000
512 1745425 1.000000 8.000000
512 4628637 1.000000 8.000000
512 9242149 1.000000 8.000000
512 7573594 0.999865 8.000000
512 9877200 1.000000 8.000000
512 8 1.000000 12.000000
512 2 0.999823 12.000000
512 8 0.999163 12.000000
512 8 1.000000 12.000000
512 7 1.000000 12.000000
512 707 1.000000 12.000000
512 562 1.000000 12.000000
512 138 1.000000 12.000000
512 780 1.000000 12.000000
512 497 1.000000 12.000000
512 9511 1.000000 12.000000
512 9387 1.000000 12.000000
512 7929 1.000000 12.000000
512 4632 0.986595 12.000000
512 3619 1.000000 12.000000
512 69464 1.000000 12.000000
512 91199 0.994680 12.000000
512 72172 0.994818 12.000000
512 55780 1.000000 12.000000
512 35463 0.999790 12.000000
512 4628637 1.000000 12.000000
512 9242149 1.000000 12.000000
512 7573594 1.000000 12.000000
512 9877200 0.999402 12.000000
512 8 1.000000 16.000000
512 2 1.000000 16.000000
512 8 1.000000 16.000000
512 8 1.000000 16.000000
512 7 1.000000 16.000000
512 707 1.000000 16.000000
512 562 0.999965 16.000000
512 138 1.000000 16.000000
512 780 1.000000 16.000000
512 497 1.000000 16.000000
512 9511 1.000000 16.000000
512 9387 1.000000 16.000000
512 7929 1.000000 16.000000
512 4632 1.000000 16.000000
512 3619 1.000000 16.000000
512 69464 1.000000 16.000000
512 91199 1.000000 16.000000
512 72172 1.000000 16.000000
512 55780 1.000000 16.000000
512 35463 1.000000 16.000000
512 127880 1.000000 16.000000
512 430405 0.999721 16.000000
512 183741 1.000000 16.000000
512 880220 1.000000 16.000000
512 398470 0.999846 16.000000
512 8 1.000000 20.000000
512 2 1.000000 20.000000
512 8 1.000000 20.000000
512 8 1.000000 20.000000
512 7 1.000000 20.000000
512 707 1.000000 20.000000
512 562 1.000000 20.000000
512 138 1.000000 20.000000
512 780 1.000000 20.000000
512 497 1.000000 20.000000
512 9511 1.000000 20.000000
512 9387 1.000000 20.000000
512 7929 1.000000 20.000000
512 4632 1.000000 20.000000
512 3619 1.000000 20.000000
512 69464 1.000000 20.000000
512 91199 1.000000 20.000000
512 72172 1.000000 20.000000
512 55780 1.000000 20.000000
512 35463 1.000000 20.000000
512 127880 1.000000 20.000000
512 430405 1.000000 20.000000
512 183741 1.000000 20.000000
512 880220 1.000000 20.000000
512 398470 1.000000 20.000000
512 9877200 1.000000 20.000000
