128 9 0.142492 4.000000
128 8 0.008076 4.000000
128 8 0.558707 4.000000
128 10 0.005864 4.000000
128 5 0.063833 4.000000
128 196 0.110363 4.000000
128 758 0.575106 4.000000
128 376 1.000000 4.000000
28 47181 1.000000 4.000000
128 31974 0.304481 4.000000
128 9 0.783809 8.000000
128 8 0.062627 8.000000
128 8 1.000000 8.000000
128 9 1.000000 20.000000
128 8 1.000000 20.000000
128 8 1.000000 20.000000
128 10 1.000000 20.000000
128 5 1.000000 20.000000
128 196 1.000000 20.000000
128 5892561 1.000000 20.000000
128 4436385 1.000000 20.000000
128 5981886 1.000000 20.000000
128 2809979 1.000000 20.000000
128 7369480 1.000000 20.000000
256 3 0.435514 4.000000
256 4 0.065191 4.000000
256 2 0.351717 4.000000
256 4 1.000000 4.000000
256 6 0.121997 4.000000
256 399 0.701712 4.000000
256 538 0.207568 4.000000
256 48506 1.000000 4.000000
256 11253 1.000000 4.000000
256 78532 0.410585 4.000000
256 52360 0.032275 4.000000
256 57024 0.062520 4.000000
256 647969 0.515252 4.000000
256 824515 0.389460 4.000000
256 3 1.000000 8.000000
256 4 1.000000 8.000000
256 2 1.000000 8.000000
256 4 0.979366 8.000000
256 6 1.000000 8.000000
256 399 0.936421 8.000000
512 8 1.000000 4.000000
512 2 1.000000 4.000000
512 8 1.000000 4.000000
512 8 0.441803 4.000000
512 7 1.000000 4.000000
512 707 1.000000 4.000000
512 562 1.000000 4.000000
512 138 1.000000 4.000000
512 138 1.000000 8.000000
512 780 1.000000 8.000000
512 497 1.000000 8.000000
512 9511 1.000000 8.000000
512 9387 1.000000 8.000000
512 7929 1.000000 8.000000
512 4632 0.976913 8.000000
512 3619 1.000000 8.000000
512 69464 1.000000 8.000000
512 91199 1.000000 8.000000
512 72172 1.000000 8.000000
