128 9 0.142492 4.000000
128 8 0.008076 4.000000
128 8 0.558707 4.000000
128 10 0.005864 4.000000
128 5 0.063833 4.000000
128 196 0.110363 4.000000
128 758 0.575106 4.000000
128 376 1.000000 4.000000
28 47181 1.000000 4.000000
128 31974 0.304481 4.000000
128 9 0.783809 8.000000
128 8 0.062627 8.000000
128 8 1.000000 8.000000
128 10 0.073434 8.000000
128 5 0.433529 8.000000
128 196 0.121255 8.000000
128 758 0.919053 8.000000
128 376 0.953186 8.000000
128 745 0.192608 8.000000
128 508 0.857867 8.000000
28 9 1.000000 12.000000
128 8 1.000000 12.000000
128 8 1.000000 12.000000
128 10 1.000000 12.000000
128 5 1.000000 12.000000
28 4436385 0.818814 12.000000
128 5981886 1.000000 12.000000
128 2809979 1.000000 12.000000
128 7369480 1.000000 12.000000
128 9 1.000000 16.000000
128 8 1.000000 16.000000
128 8 0.999453 16.000000
128 10 1.000000 16.000000
128 5 0.876609 16.000000
128 4436385 1.000000 16.000000
128 5981886 1.000000 16.000000
128 2809979 1.000000 16.000000
128 7369480 1.000000 16.000000
128 9 1.000000 20.000000
128 8 1.000000 20.000000
128 8 1.000000 20.000000
128 10 1.000000 20.000000
128 5 1.000000 20.000000
128 196 1.000000 20.000000
128 5892561 1.000000 20.000000
128 4436385 1.000000 20.000000
128 5981886 1.000000 20.000000
128 2809979 1.000000 20.000000
128 7369480 1.000000 20.000000
256 3 0.435514 4.000000
256 4 0.065191 4.000000
256 2 0.351717 4.000000
256 4 1.000000 4.000000
256 6 0.121997 4.000000
256 399 0.701712 4.000000
256 538 0.207568 4.000000
256 48506 1.000000 4.000000
256 11253 1.000000 4.000000
256 78532 0.410585 4.000000
256 52360 0.032275 4.000000
256 57024 0.062520 4.000000
256 647969 0.515252 4.000000
256 824515 0.389460 4.000000
256 3 1.000000 8.000000
256 4 1.000000 8.000000
256 2 1.000000 8.000000
256 4 0.979366 8.000000
256 6 1.000000 8.000000
256 399 0.936421 8.000000
256 538 0.926454 8.000000
256 693 0.871003 8.000000
256 639 1.000000 8.000000
256 403 1.000000 8.000000
256 3 0.953101 12.000000
256 4 1.000000 12.000000
256 2 1.000000 12.000000
256 4 1.000000 12.000000
256 6 1.000000 12.000000
256 399 1.000000 12.000000
256 538 0.482437 12.000000
256 693 1.000000 12.000000
256 639 1.000000 12.000000
256 403 1.000000 12.000000
256 4966 1.000000 12.000000
256 5154 1.000000 12.000000
256 2716 0.995769 12.000000
256 7983 1.000000 12.000000
256 3886 1.000000 12.000000
256 3 1.000000 20.000000
256 4 1.000000 20.000000
256 2 1.000000 20.000000
256 4 1.000000 20.000000
256 6 1.000000 20.000000
256 399 1.000000 20.000000
256 538 1.000000 20.000000
256 693 1.000000 20.000000
256 639 1.000000 20.000000
256 403 1.000000 20.000000
256 4966 1.000000 20.000000
256 5154 1.000000 20.000000
256 2716 1.000000 20.000000
256 7983 1.000000 20.000000
256 3886 1.000000 20.000000
512 8 1.000000 4.000000
512 2 1.000000 4.000000
512 8 1.000000 4.000000
512 8 0.441803 4.000000
512 7 1.000000 4.000000
512 707 1.000000 4.000000
512 562 1.000000 4.000000
512 138 1.000000 4.000000
512 138 1.000000 8.000000
512 780 1.000000 8.000000
512 497 1.000000 8.000000
512 9511 1.000000 8.000000
512 9387 1.000000 8.000000
512 7929 1.000000 8.000000
512 4632 0.976913 8.000000
512 3619 1.000000 8.000000
512 69464 1.000000 8.000000
512 91199 1.000000 8.000000
512 72172 1.000000 8.000000
512 55780 1.000000 8.000000
512 1745425 1.000000 8.000000
512 4628637 1.000000 8.000000
512 9242149 1.000000 8.000000
512 7573594 0.999865 8.000000
512 9877200 1.000000 8.000000
512 8 1.000000 12.000000
512 2 0.999823 12.000000
512 8 0.999163 12.000000
512 8 1.000000 12.000000
512 7 1.000000 12.000000
512 707 1.000000 12.000000
512 562 1.000000 12.000000
512 138 1.000000 12.000000
512 780 1.000000 12.000000
512 497 1.000000 12.000000
512 9511 1.000000 12.000000
512 127880 1.000000 16.000000
512 430405 0.999721 16.000000
512 183741 1.000000 16.000000
512 880220 1.000000 16.000000
512 398470 0.999846 16.000000
512 8 1.000000 20.000000
512 2 1.000000 20.000000
512 8 1.000000 20.000000
512 8 1.000000 20.000000
512 7 1.000000 20.000000
512 707 1.000000 20.000000
512 562 1.000000 20.000000
512 138 1.000000 20.000000
512 780 1.000000 20.000000
512 497 1.000000 20.000000
512 9511 1.000000 20.000000
512 9387 1.000000 20.000000
512 7929 1.000000 20.000000
512 4632 1.000000 20.000000
512 3619 1.000000 20.000000
512 69464 1.000000 20.000000
512 91199 1.000000 20.000000
512 72172 1.000000 20.000000
512 55780 1.000000 20.000000
