128 3 0.010101 4.000000
128 4 0.010000 4.000000
128 3 0.010101 4.000000
128 1 0.010204 4.000000
128 4 0.010000 4.000000
128 429 0.050000 4.000000
128 840 0.030303 4.000000
128 649 0.010000 4.000000
128 272 0.010000 4.000000
128 655 0.010000 4.000000
128 8187 0.151515 4.000000
128 8141 0.020408 4.000000
128 8961 0.140000 4.000000
128 5219 0.500000 4.000000
128 12790 0.676768 4.000000
128 62757 1.000000 4.000000
128 30588 0.366337 4.000000
128 22815 0.844262 4.000000
128 649991 0.734694 4.000000
128 3 0.080808 8.000000
128 4 0.060000 8.000000
128 3 0.050505 8.000000
128 1 0.010204 8.000000
128 4 0.010000 8.000000
128 429 0.300000 8.000000
128 840 0.959596 8.000000
128 649 0.020000 8.000000
128 272 0.270000 8.000000
256 1 0.010000 4.000000
256 6 0.125000 4.000000
256 1 0.020202 4.000000
256 2 0.010000 4.000000
256 1 0.020000 4.000000
256 830 0.161616 4.000000
256 394 0.020000 4.000000
256 510 0.050505 4.000000
256 575 0.080000 4.000000
256 602 0.150000 4.000000
256 8921 0.140000 4.000000
256 4391 0.882883 4.000000
256 1676 0.040000 4.000000
256 1 1.000000 20.000000
256 6 1.000000 20.000000
256 1 1.000000 20.000000
256 2 1.000000 20.000000
256 1 1.000000 20.000000
256 830 1.000000 20.000000
256 394 1.000000 20.000000
