128 3 0.010101 4.000000
128 4 0.010000 4.000000
128 3 0.010101 4.000000
128 1 0.010204 4.000000
128 4 0.010000 4.000000
128 429 0.050000 4.000000
128 840 0.030303 4.000000
128 649 0.010000 4.000000
128 272 0.010000 4.000000
128 655 0.010000 4.000000
128 8187 0.151515 4.000000
128 8141 0.020408 4.000000
128 8961 0.140000 4.000000
128 5219 0.500000 4.000000
128 3722 0.030612 4.000000
128 43979 1.000000 4.000000
128 12790 0.676768 4.000000
128 62757 1.000000 4.000000
128 30588 0.366337 4.000000
128 22815 0.844262 4.000000
128 649991 0.734694 4.000000
128 323187 0.824675 4.000000
128 370894 1.000000 4.000000
128 740318 0.183246 4.000000
128 210192 1.000000 4.000000
128 7948385 1.000000 4.000000
128 6193053 0.835052 4.000000
128 7659879 1.000000 4.000000
128 9138683 0.967381 4.000000
128 6873467 1.000000 4.000000
128 3 0.080808 8.000000
128 4 0.060000 8.000000
128 3 0.050505 8.000000
128 1 0.010204 8.000000
128 4 0.010000 8.000000
128 429 0.300000 8.000000
128 840 0.959596 8.000000
128 649 0.020000 8.000000
128 272 0.270000 8.000000
128 655 0.220000 8.000000
128 8187 1.000000 8.000000
128 8141 0.234694 8.000000
128 8961 1.000000 8.000000
128 5219 1.000000 8.000000
128 3722 0.234694 8.000000
128 43979 1.000000 8.000000
128 12790 1.000000 8.000000
128 62757 1.000000 8.000000
128 30588 0.455446 8.000000
128 22815 1.000000 8.000000
256 1 0.010000 4.000000
256 6 0.125000 4.000000
256 1 0.020202 4.000000
256 2 0.010000 4.000000
256 1 0.020000 4.000000
256 830 0.161616 4.000000
256 394 0.020000 4.000000
256 510 0.050505 4.000000
256 575 0.080000 4.000000
256 602 0.150000 4.000000
256 8921 0.140000 4.000000
256 4391 0.882883 4.000000
256 1676 0.040000 4.000000
256 8490 0.070000 4.000000
256 2059 0.090000 4.000000
256 64037 1.000000 4.000000
256 59384 0.453704 4.000000
256 75699 0.234818 4.000000
256 830 1.000000 16.000000
256 394 1.000000 16.000000
256 510 1.000000 16.000000
256 575 1.000000 16.000000
256 602 1.000000 16.000000
256 8921 1.000000 16.000000
256 4391 1.000000 16.000000
256 1676 1.000000 16.000000
256 8490 1.000000 16.000000
256 2059 1.000000 16.000000
256 64037 1.000000 16.000000
256 59384 1.000000 16.000000
256 75699 1.000000 16.000000
256 95093 1.000000 16.000000
256 87040 1.000000 16.000000
256 294785 1.000000 16.000000
256 876021 1.000000 16.000000
256 398621 1.000000 16.000000
256 257521 1.000000 16.000000
256 657460 1.000000 16.000000
256 8844943 1.000000 16.000000
256 1524891 1.000000 16.000000
256 2155530 1.000000 16.000000
256 5280186 1.000000 16.000000
256 9027077 1.000000 16.000000
256 1 1.000000 20.000000
256 6 1.000000 20.000000
256 1 1.000000 20.000000
256 2 1.000000 20.000000
256 1 1.000000 20.000000
256 830 1.000000 20.000000
256 394 1.000000 20.000000
256 510 1.000000 20.000000
256 575 1.000000 20.000000
256 602 1.000000 20.000000
